Neural Network
5 entries

nb_epoch = 20
batch_size = 50
test_size = 0.15

[[67250   109]
 [  347   261]]
Accuracy:  0.9932908617417276
[[67319    40]
 [  386   222]]
Accuracy:  0.9937322524166139
[[67280    79]
 [  359   249]]
Accuracy:  0.9935556961466594
[[67322    37]
 [  386   222]]
Accuracy:  0.9937763914841026
[[67281    78]
 [  349   259]]
Accuracy:  0.9937175393941178


nb_epoch = 50
batch_size = 50
test_size = 0.15

[[67303    56]
 [  381   227]]
Accuracy:  0.9935704091691556
[[67277    82]
 [  356   252]]
Accuracy:  0.9935556961466594
[[67303    56]
 [  368   240]]
Accuracy:  0.9937616784616063
[[67332    27]
 [  405   203]]
Accuracy:  0.9936439742816366
[[67305    54]
 [  370   238]]
Accuracy:  0.9937616784616063


nb_epoch = 100
batch_size = 50
test_size = 0.15

[[67301    58]
 [  368   240]]
Accuracy:  0.9937322524166139
[[67324    35]
 [  397   211]]
Accuracy:  0.9936439742816366
[[67294    65]
 [  359   249]]
Accuracy:  0.9937616784616063
[[67277    82]
 [  358   250]]
Accuracy:  0.9935262701016669
[[67293    66]
 [  361   247]]
Accuracy:  0.9937175393941178


nb_epoch = 200
batch_size = 50
test_size = 0.15

[[67316    43]
 [  392   216]]
Accuracy:  0.9935998352141481
[[67298    61]
 [  359   249]]
Accuracy:  0.9938205305515913
[[67300    59]
 [  366   242]]
Accuracy:  0.9937469654391101
[[67299    60]
 [  358   250]]
Accuracy:  0.9938499565965836
[[67273    86]
 [  347   261]]
Accuracy:  0.9936292612591404


nb_epoch = 400
batch_size = 50
test_size = 0.15

[[67266    93]
 [  352   256]]
Accuracy:  0.9934527049891859
[[67286    73]
 [  361   247]]
Accuracy:  0.9936145482366443
[[67287    72]
 [  358   250]]
Accuracy:  0.9936734003266291
[[67282    77]
 [  362   246]]
Accuracy:  0.9935409831241632
[[67269    90]
 [  351   257]]
Accuracy:  0.9935115570791708


nb_epoch = 20
batch_size = 100
test_size = 0.15

[[67309    50]
 [  377   231]]
Accuracy:  0.9937175393941178
[[67335    24]
 [  402   206]]
Accuracy:  0.9937322524166139
[[67322    37]
 [  393   215]]
Accuracy:  0.9936734003266291
[[67301    58]
 [  385   223]]
Accuracy:  0.9934821310341784
[[67271    88]
 [  356   252]]
Accuracy:  0.9934674180116821


batch_size = 100
test_size = 0.15

[[67314    45]
 [  385   223]]
Accuracy:  0.9936734003266291
[[67302    57]
 [  378   230]]
Accuracy:  0.9935998352141481
[[67287    72]
 [  364   244]]
Accuracy:  0.9935851221916518
[[67297    62]
 [  363   245]]
Accuracy:  0.9937469654391101
[[67281    78]
 [  356   252]]
Accuracy:  0.9936145482366443


nb_epoch = 100
batch_size = 100
test_size = 0.15

[[67300    59]
 [  366   242]]
Accuracy:  0.9937469654391101
[[67319    40]
 [  386   222]]
Accuracy:  0.9937322524166139
[[67323    36]
 [  395   213]]
Accuracy:  0.9936586873041329
[[67293    66]
 [  359   249]]
Accuracy:  0.9937469654391101
[[67277    82]
 [  351   257]]
Accuracy:  0.9936292612591404


nb_epoch = 200
batch_size = 100
test_size = 0.15

[[67272    87]
 [  341   267]]
Accuracy:  0.9937028263716216
[[67276    83]
 [  347   261]]
Accuracy:  0.9936734003266291
[[67290    69]
 [  358   250]]
Accuracy:  0.9937175393941178
[[67297    62]
 [  356   252]]
Accuracy:  0.9938499565965836
[[67324    35]
 [  391   217]]
Accuracy:  0.9937322524166139


nb_epoch = 400
batch_size = 100
test_size = 0.15

[[67265    94]
 [  353   255]]
Accuracy:  0.9934232789441935
[[67266    93]
 [  334   274]]
Accuracy:  0.9937175393941178
[[67277    82]
 [  351   257]]
Accuracy:  0.9936292612591404
[[67242   117]
 [  330   278]]
Accuracy:  0.9934232789441935
[[67234   125]
 [  339   269]]
Accuracy:  0.993173157561758


nb_epoch = 20
batch_size = 200
test_size = 0.15

[[67284    75]
 [  370   238]]
Accuracy:  0.9934527049891859
[[67320    39]
 [  390   218]]
Accuracy:  0.9936881133491253
[[67312    47]
 [  379   229]]
Accuracy:  0.9937322524166139
[[67333    26]
 [  413   195]]
Accuracy:  0.9935409831241632
[[67316    43]
 [  388   220]]
Accuracy:  0.9936586873041329


nb_epoch = 50
batch_size = 200
test_size = 0.15

[[67268    91]
 [  346   262]]
Accuracy:  0.9935704091691556
[[67289    70]
 [  361   247]]
Accuracy:  0.9936586873041329
[[67263    96]
 [  348   260]]
Accuracy:  0.9934674180116821
[[67299    60]
 [  361   247]]
Accuracy:  0.993805817529095
[[67280    79]
 [  372   236]]
Accuracy:  0.9933644268542087


nb_epoch = 100
batch_size = 200
test_size = 0.15

[[67289    70]
 [  360   248]]
Accuracy:  0.9936734003266291
[[67287    72]
 [  351   257]]
Accuracy:  0.9937763914841026
[[67305    54]
 [  361   247]]
Accuracy:  0.9938940956640723
[[67295    64]
 [  372   236]]
Accuracy:  0.9935851221916518
[[67286    73]
 [  355   253]]
Accuracy:  0.9937028263716216


nb_epoch = 200
batch_size = 200
test_size = 0.15

[[67271    88]
 [  354   254]]
Accuracy:  0.9934968440566746
[[67305    54]
 [  374   234]]
Accuracy:  0.9937028263716216
[[67288    71]
 [  369   239]]
Accuracy:  0.9935262701016669
[67291    68]
 [  365   243]]
Accuracy:  0.9936292612591404
[[67293    66]
 [  357   251]]
Accuracy:  0.9937763914841026


nb_epoch = 400
batch_size = 200
test_size = 0.15

[[67282    77]
 [  357   251]]
Accuracy:  0.9936145482366443
[[67305    54]
 [  358   250]]
Accuracy:  0.993938234731561
[[67245   114]
 [  333   275]]
Accuracy:  0.9934232789441935
[[67295    64]
 [  361   247]]
Accuracy:  0.9937469654391101
[[67262    97]
 [  352   256]]
Accuracy:  0.9933938528992011


nb_epoch = 20
batch_size = 500
test_size = 0.15

[[67304    55]
 [  382   226]]
Accuracy:  0.9935704091691556
[[67280    79]
 [  369   239]]
Accuracy:  0.9934085659216972
[[67308    51]
 [  379   229]]
Accuracy:  0.9936734003266291
[[67321    38]
 [  398   210]]
Accuracy:  0.9935851221916518
[[67321    38]
 [  402   206]]
Accuracy:  0.9935262701016669


nb_epoch = 50
batch_size = 500
test_size = 0.15

[[67325    34]
 [  400   208]]
Accuracy:  0.9936145482366443
[[67284    75]
 [  363   245]]
Accuracy:  0.9935556961466594
[[67333    26]
 [  400   208]]
Accuracy:  0.9937322524166139
[[67304    55]
 [  377   231]]
Accuracy:  0.9936439742816366
[[67309    50]
 [  374   234]]
Accuracy:  0.9937616784616063


nb_epoch = 100
batch_size = 500
test_size = 0.15

[[67265    94]
 [  351   257]]
Accuracy:  0.9934527049891859
[[67294    65]
 [  370   238]]
Accuracy:  0.9935998352141481
[[67268    91]
 [  363   245]]
Accuracy:  0.99332028778672
[[67319    40]
 [  409   199]]
Accuracy:  0.9933938528992011
[[67283    76]
 [  362   246]]
Accuracy:  0.9935556961466594


nb_epoch = 200
batch_size = 500
test_size = 0.15

[[67286    73]
 [  370   238]]
Accuracy:  0.9934821310341784
[[67279    80]
 [  360   248]]
Accuracy:  0.9935262701016669
[[67308    51]
 [  382   226]]
Accuracy:  0.9936292612591404
[[67279    80]
 [  363   245]]
Accuracy:  0.9934821310341784
[[67289    70]
 [  368   240]]
Accuracy:  0.9935556961466594


nb_epoch = 400
batch_size = 500
test_size = 0.15

[[67254   105]
 [  354   254]]
Accuracy:  0.993246722674239
[[67275    84]
 [  367   241]]
Accuracy:  0.9933644268542087
[[67292    67]
 [  367   241]]
Accuracy:  0.9936145482366443
[[67264    95]
 [  363   245]]
Accuracy:  0.9932614356967352
[[67270    89]
 [  345   263]]
Accuracy:  0.9936145482366443



10 entries
nb_epoch = 400
batch_size = 100
test_size = 0.15

[[66708   173]
 [  588   497]]
Accuracy:  0.9888032251419827
[[66736   145]
 [  608   477]]
Accuracy:  0.9889209310537622
[[66735   146]
 [  610   475]]
Accuracy:  0.9888767913368449
[[66757   124]
 [  605   480]]
Accuracy:  0.9892740487891004
[[66674   207]
 [  577   508]]
Accuracy:  0.9884648206456169


































